4.511
4.511
4.698
4.900
4.900
5.013
5.119
5.119
5.237
5.302
5.302
5.356
5.409
5.409
5.425
5.466
5.466
5.468
5.488
5.488
5.476
5.859
5.769
5.769
5.673
5.555
5.555
5.556
5.391
5.391
5.386
5.261
5.261
5.210
5.156
5.147
5.147
5.102
5.102
5.127
5.076
5.076
5.162
5.098
5.098
5.118
5.080
5.080
5.105
5.100
5.100
5.055
5.103
5.103
5.102
5.086
5.105
5.105
5.069
5.094
5.094
5.094
5.084
5.084
5.093
5.082
5.082
5.077
5.085
5.085
5.067
5.072
5.072
5.071
5.079
5.079
5.086
5.076
5.076
5.085
5.081
5.086
5.086
5.080
5.066
5.066
5.093
5.058
5.058
5.043
5.042
5.042
5.050
5.074
5.062
5.062
5.067
5.067
5.071
5.068
5.068
5.073
5.080
5.080
5.070
5.084
5.089
5.089
5.173
5.175
5.175
5.182
5.117
5.117
5.101
5.111
5.111
5.098
5.077
5.099
5.099
5.116
5.088
5.088
5.077
5.079
5.079
5.072
5.041
5.041
5.028
5.049
5.049
5.068
5.072
5.074
5.074
5.085
5.086
5.086
5.078
5.083
5.083
5.093
5.104
5.104
5.097
5.091
5.093
5.093
5.091
5.086
5.086
5.068
5.074
5.074
5.082
5.084
5.084
5.082
5.077
5.079
5.079
5.096
5.083
5.083
5.079
5.086
5.086
5.101
5.087
5.042
5.042
5.062
5.080
5.080
5.092
5.083
5.083
5.083
5.073
5.062
5.062
5.075
5.094
5.094
5.084
5.074
5.074
5.081
5.038
5.038
5.063
5.089
5.096
5.096
5.105
5.112
5.112
5.094
5.088
5.074
5.074
5.107
5.102
5.102
5.114
5.098
5.098
5.081
5.091
5.090
5.090
5.087
5.096
5.096
5.098
5.090
5.090
5.080
5.097
5.097
5.093
5.082
5.082
5.088
5.085
5.088
5.088
5.072
5.078
5.078
5.074
5.076
5.076
5.082
5.083
5.083
5.083
5.086
5.078
5.078
5.088
5.064
5.064
5.047
5.061
5.061
5.077
5.079
5.079
5.083
5.083
5.076
5.076
5.072
5.083
5.083
5.092
5.077
5.077
5.080
5.080
5.072
5.072
5.081
5.070
5.070
5.074
5.077
5.077
5.065
5.087
5.087
5.056
5.039
5.037
5.037
5.081
5.067
5.067
5.067
5.075
5.075
5.070
5.075
5.075
5.068
5.068
5.068
5.081
5.089
5.089
5.070
5.077
5.090
5.090
5.093
5.092
5.089
5.089
5.082
5.082
5.068
5.056
5.080
5.080
5.076
5.066
5.066
5.086
5.086
5.086
5.079
5.079
5.079
5.084
5.075
5.094
5.094
5.084
5.076
5.076
5.065
5.062
5.067
5.067
5.095
5.084
5.084
5.080
5.088
5.077
5.077
5.084
5.079
5.079
5.073
5.080
5.080
5.072
5.067
5.067
5.070
5.056
5.067
5.067
5.065
5.064
5.064
5.168
5.038
5.038
4.995
5.037
5.037
5.066
5.113
5.094
5.094
5.081
5.059
5.059
5.068
5.097
5.097
5.087
5.127
5.127
5.102
5.096
5.082
5.082
5.113
5.107
5.107
5.066
5.088
5.088
5.086
5.086
5.086
5.085
5.094
5.094
5.115
5.104
5.082
5.082
5.076
5.076
5.086
5.079
5.098
5.098
5.084
5.094
5.094
5.085
5.093
5.093
5.095
5.096
5.096
5.070
5.070
5.095
5.092
5.105
5.105
5.100
5.105
5.105
5.083
5.113
5.113
5.111
5.090
5.090
5.094
5.103
5.090
5.090
5.099
5.104
5.104
5.113
5.106
5.106
5.105
5.084
5.084
5.076
5.109
5.109
5.102
5.120
5.120
5.129
5.125
5.133
5.133
5.118
5.109
5.109
5.104
5.101
5.101
5.090
5.098
5.098
5.106
5.106
5.086
5.086
5.097
5.071
5.071
5.097
5.076
5.076
5.079
5.111
5.075
5.075
5.079
5.110
5.110
5.105
5.137
5.137
5.093
5.132
5.132
5.080
5.086
5.086
5.125
5.119
5.119
5.115
5.085
5.079
5.079
5.099
5.115
5.115
5.111
5.084
5.084
5.086
5.124
5.127
5.127
5.117
5.088
5.088
5.104
5.075
5.075
5.102
5.112
5.112
5.112
5.104
5.104
5.107
5.138
5.138
5.112
5.101
5.101
5.090
5.097
5.099
5.099
5.092
5.092
5.105
5.124
5.124
5.110
5.092
5.165
5.165
5.119
5.054
5.054
5.098
5.142
5.142
5.081
5.090
5.125
5.125
5.110
5.092
5.092
5.108
5.107
5.107
5.107
5.133
5.114
5.114
5.096
5.091
5.091
5.084
5.096
5.109
5.109
5.111
5.116
5.116
5.093
5.104
5.104
5.055
5.071
5.073
5.073
5.089
5.089
5.074
5.074
5.068
5.100
5.100
5.085
5.084
5.084
5.098
5.064
5.055
5.055
5.176
5.132
5.132
5.064
5.076
5.076
5.151
5.093
5.055
5.055
5.089
5.137
5.137
5.094
5.069
5.069
5.103
5.140
5.109
5.109
5.075
5.093
5.093
5.128
5.105
5.073
5.073
5.103
5.138
5.138
5.104
5.081
5.103
5.103
5.134
5.092
5.092
5.107
5.118
5.118
5.119
5.105
5.105
5.107
5.110
5.113
5.113
5.104
5.081
5.081
5.082
5.051
5.051
5.042
5.085
5.085
5.100
5.158
5.210
5.210
5.243
5.193
5.193
5.132
5.146
5.146
5.198
5.198
5.261
5.258
5.258
5.182
5.161
5.230
5.230
5.287
5.301
5.301
5.248
5.276
5.276
5.352
5.432
5.432
5.431
5.477
5.510
5.510
5.578
5.516
5.516
5.525
5.521
5.521
5.533
5.449
5.380
5.380
5.418
5.339
5.339
5.268
5.193
5.193
5.044
4.862
4.602
4.602
4.284
3.985
3.985
3.659
